a=3<4
arr = [1 2; 3 4];
b = 0
arr>b
v1 = true
v2 = false
v3 = 1
v4 = -10
v5 = 0
v6 = [1 2;0 1]
~v1
~v3
v1 | v2
v1 & v2
v4 & v5
~(v4 & v5)
v1 + v4
v1 + (~v4)

